1.000000000000000000e+00,3.470277905599349899e-01,1.269593492982729888e-01,2.144090901553999950e-01,3.802102455121380009e-01,3.428184982717489837e-01,3.981631088738549762e-01,3.663606330399289956e-01,3.451998585275550258e-01,2.213690065230279891e-01,1.686800625548809940e-01,1.792487164559939949e-01,2.130357609482060044e-01,2.641671309714869742e-01,1.928636500677080035e-01,1.874529154458280111e-01,3.052849005414030037e-01,2.288249110665190045e-01,3.518690272096149929e-01,2.676343365192869750e-01,1.806388767319289934e-01,2.315901685884350081e-01,2.145231766939360019e-01,2.104754409794820091e-01,2.177881711229300021e-01,1.385744645243389972e-01,9.904621945303460073e-02,8.097558917604119610e-02,2.830006734095559806e-01,3.130437555283649975e-01,2.200599051884579993e-01,2.513826602831740198e-01,2.137203937974339885e-01,3.028031108353370082e-01,2.756314752947640057e-01,1.947053214304000079e-01,5.936656873818269703e-02,1.176063125180159957e-01,2.524923147931720235e-01,2.712640197242620066e-01,3.013325486510399775e-01,2.595796838848499766e-01,2.577388015310819736e-01,2.130745668198789911e-01,1.664040212300600119e-01,1.677133716877949876e-01,1.878119814405619925e-01,2.516582520587289928e-01,1.758983533269989907e-01,1.832182239976460070e-01,3.058659090670219904e-01,2.315384111817800072e-01,2.738185089390249849e-01,2.382440658456120020e-01,1.777014195064889890e-01,2.314579082316400027e-01,2.275882082795580019e-01,2.175393826021159993e-01,2.249106795376830115e-01,1.368018796278830107e-01,8.387552566634989826e-02,6.183123424777740157e-02,2.559318543805609858e-01,2.213280636346889874e-01,1.877799514407290093e-01,2.336167850267669988e-01,2.227953537836389886e-01,2.573796083125750034e-01
3.470277905599349899e-01,1.000000000000000000e+00,2.373849439018680119e-01,1.674559314246580055e-01,3.598235004094679779e-01,2.616709521553730045e-01,3.886873996248380037e-01,3.924409312577720188e-01,4.658901401904649853e-01,1.064343516736809964e-01,8.019147960939319864e-02,9.215250717009970671e-02,3.697235585634670030e-02,1.439809214967809892e-01,1.644071543198279972e-01,1.277182978610849895e-01,1.734777493976639995e-01,9.073832170524609442e-02,4.547885643462630245e-01,1.833190632570090017e-01,6.011553139558010322e-02,1.314537409517529953e-01,1.591322072957910005e-01,1.110386072208579961e-01,1.626074109848970051e-01,1.021474989845600062e-01,8.965311594051660060e-02,1.103431749325100020e-01,3.062206193680589994e-01,5.083548738861010108e-01,2.160842979981739964e-01,1.995405731798159943e-01,1.440922096507729899e-01,1.262573986222980116e-01,2.204873484382240123e-01,4.389468088742550234e-01,1.268388279618390124e-01,1.207732128165240060e-01,2.996738063678630049e-01,2.400754951500639889e-01,2.498950206774850080e-01,2.732400573048739956e-01,3.819301491327909970e-01,9.913383408036430255e-02,9.128363860210460257e-02,7.948755662933609800e-02,1.346793953276870064e-02,1.394796387146609862e-01,1.577922989546099997e-01,1.171498982051139975e-01,2.318282923419509867e-01,8.906794531338130261e-02,3.857864664376929875e-01,1.591735775857049950e-01,5.564469985056139795e-02,1.296835742966800098e-01,1.720311623759769870e-01,1.186908842757810056e-01,1.678498865157179998e-01,1.050813781846500067e-01,7.416135794787780122e-02,1.074608635854699956e-01,2.852158946032730125e-01,4.076342324621580193e-01,2.243006652977319881e-01,1.841661503000190103e-01,1.468615886887230104e-01,9.907960718810490675e-02
1.269593492982729888e-01,2.373849439018680119e-01,1.000000000000000000e+00,2.450941805539429974e-01,7.247917013543460352e-02,4.192783484070890417e-03,1.124287018816560041e-01,2.415712044352799903e-01,1.913157380921420014e-01,5.109955367777509888e-02,7.038285679492180258e-02,1.227133548100499960e-01,-8.307412088432050007e-03,6.705368152258239789e-02,1.994134651922679913e-01,1.114856376133910032e-01,1.043832119755429971e-02,3.922591542782739860e-02,2.548167256914550260e-01,2.176080891779630100e-01,5.095620377920839772e-02,7.561843164516909854e-02,1.034581732070789933e-01,7.970030896752859639e-02,1.187190203949869960e-01,1.029291071111920058e-01,5.550522912418950211e-02,1.139366746077540016e-01,1.280697872095389878e-01,3.243391367216970078e-01,1.220189203378620052e-01,1.410037037118730130e-01,8.090564429214010256e-02,4.411933257587959817e-02,7.740273157313999619e-02,1.532959427905279948e-01,2.207601841441660107e-01,1.992860279361929887e-01,8.116260092323239472e-02,3.976638207124819774e-02,6.188667580732699902e-02,1.989903284132299999e-01,1.881736765047969939e-01,4.521253899081170008e-02,8.073105105440990525e-02,1.270145490273540123e-01,-1.452095357722340066e-02,7.454579199965609415e-02,2.039273444043530059e-01,1.071529421334300042e-01,4.076283236269630239e-02,3.395139098908370179e-02,2.623066292776760067e-01,2.241586975731660047e-01,5.032454210120260174e-02,7.575003206265069899e-02,1.060228646515990053e-01,8.355525608797760573e-02,1.152918447285010001e-01,1.093624205678360023e-01,4.757172915120490286e-02,1.086374476256559973e-01,1.030225992572200017e-01,2.884138135796360247e-01,1.368913400042429951e-01,1.357025024415290104e-01,8.350862168168020350e-02,3.230506008693279779e-02
2.144090901553999950e-01,1.674559314246580055e-01,2.450941805539429974e-01,1.000000000000000000e+00,4.081116279915159711e-02,-2.719888345351889961e-02,8.253947105978680365e-02,2.876961962128909978e-01,1.789207902755970137e-01,9.831952391615569886e-02,1.278710231190940128e-01,2.899616698457950226e-01,4.871776402582689985e-02,1.275988285929169908e-01,3.219829863935930181e-01,1.765095854447069901e-01,1.284260618638109926e-02,6.355724272833460087e-02,2.770739051387590135e-01,3.162606912150899841e-01,9.779880734591710201e-02,1.284549371546259977e-01,1.412875348501509976e-01,1.302565868703740026e-01,1.779518254501810115e-01,1.963184015182770081e-01,8.593361336554469765e-02,1.421059391459540133e-01,1.481532655667759935e-01,3.283211763364949909e-01,1.343589932733559866e-01,2.091290879482529952e-01,1.401983824536089940e-01,1.031280266538960044e-01,1.235292596213759947e-01,1.398563995487289990e-01,1.956935168087700072e-01,3.538663375683939738e-01,5.115297152477640136e-02,1.524603773264010011e-02,6.967695124352610292e-02,2.826085348422279764e-01,1.942201531319019958e-01,9.034882611118230655e-02,1.409406436757560110e-01,2.841265216611369993e-01,4.424125016183669962e-02,1.427625904478770080e-01,3.307167956894669913e-01,1.719605128189080068e-01,2.396695463968569889e-02,5.684501001927860092e-02,3.048082780506530254e-01,3.333479364496160224e-01,9.493609863046560682e-02,1.296788369077110092e-01,1.405468337684490088e-01,1.389138090323369934e-01,1.741464126284049951e-01,2.097096217298969889e-01,7.779618751228639661e-02,1.382209372471759901e-01,1.207357058598989979e-01,2.956456948552569908e-01,1.324587929080699999e-01,1.988326897536429883e-01,1.450988721533580106e-01,9.060594667117309597e-02
3.802102455121380009e-01,3.598235004094679779e-01,7.247917013543460352e-02,4.081116279915159711e-02,1.000000000000000000e+00,6.180034955934630148e-01,4.565389174440089848e-01,4.565904776549949973e-01,3.875578987914020113e-01,3.606606396500079970e-01,2.350760871703490018e-01,1.066079570626110029e-01,3.241086922177789931e-01,3.159249433379909822e-01,1.133302806683619962e-01,2.414407332729190114e-01,5.029130532340959636e-01,3.324493543899539882e-01,3.625990238453979941e-01,2.518833722142430065e-01,2.509393800094220084e-01,2.881279092805519859e-01,2.831954445803079867e-01,2.814061094093259774e-01,2.820818002081820208e-01,1.203722895319979946e-01,8.528284979338120186e-02,7.118070981689110510e-02,3.551960848754630029e-01,3.559066932823780061e-01,4.178822948954449834e-01,3.607289613346270074e-01,2.608004927646220272e-01,4.015736425057809811e-01,3.201668826255730238e-01,2.078416129529349898e-01,2.883778101425389997e-02,2.569580214154600084e-02,4.700158407510540148e-01,4.865263529619249794e-01,3.669776231861989757e-01,3.035427352810319834e-01,2.616031353207610155e-01,3.392311982197189768e-01,2.222023378611729938e-01,8.870075510365310612e-02,2.976065478770290040e-01,3.027409364185920104e-01,8.923683198237039593e-02,2.342274780740309925e-01,4.807453041426469897e-01,3.322626003156309848e-01,2.366894552313729971e-01,1.993468834894439878e-01,2.514981892296189736e-01,2.898068123053970102e-01,2.950093018232550213e-01,2.844492188043289960e-01,2.920482357209979729e-01,1.037414684227160044e-01,8.632287576239509874e-02,6.984203894441229354e-02,3.014331416911020245e-01,2.387452258047909892e-01,3.291057665732630144e-01,3.346449116431640114e-01,2.757552941233670230e-01,3.718128326054139787e-01
3.428184982717489837e-01,2.616709521553730045e-01,4.192783484070890417e-03,-2.719888345351889961e-02,6.180034955934630148e-01,1.000000000000000000e+00,5.369118483054180491e-01,4.477078482376419810e-01,4.258023041116389962e-01,4.461405964087800102e-01,2.699134039876909807e-01,7.438514486445299556e-02,3.698000333662220251e-01,3.515158794509409823e-01,8.836658149743779889e-02,2.743363302332019749e-01,6.100577336053659705e-01,4.150806713540419746e-01,3.774625080897530127e-01,2.604199931894000120e-01,2.878441166227539982e-01,3.060908364431180195e-01,2.771683730465739903e-01,3.115058280189930140e-01,2.847754176111659818e-01,1.146585748501089963e-01,7.786772084423440599e-02,2.558510581860479888e-02,3.559335029354380175e-01,2.683180979686490275e-01,3.743904926025740099e-01,3.451547027704490178e-01,2.719825275264239894e-01,4.548055150749670261e-01,2.763376200297000262e-01,1.160310977315110043e-01,-3.763245836460930166e-02,-4.409382442563340027e-02,3.656768052566750082e-01,4.920927958931229917e-01,4.174797117183189910e-01,2.584716188983490204e-01,2.525967746776159872e-01,4.182942072993189875e-01,2.491257963440109968e-01,4.172270559604539936e-02,3.423454514294430040e-01,3.175638709061719966e-01,4.844053836079070113e-02,2.682545061990290192e-01,5.459291518602560345e-01,4.126496724791229864e-01,2.055243052767450063e-01,1.841155376415800071e-01,2.909980581500249963e-01,3.095347141743299835e-01,2.946277778035820138e-01,3.118359759916130014e-01,2.920566075699890241e-01,8.705071304995980197e-02,7.373003902211949789e-02,2.291330731811220059e-02,3.021411853872870146e-01,1.334718523047520033e-01,2.764240344497779778e-01,3.205821838271000201e-01,2.891349852905429896e-01,4.159101329408049774e-01
3.981631088738549762e-01,3.886873996248380037e-01,1.124287018816560041e-01,8.253947105978680365e-02,4.565389174440089848e-01,5.369118483054180491e-01,1.000000000000000000e+00,6.009304438917170144e-01,6.653486395470179504e-01,3.178522093238059787e-01,2.246974398123260108e-01,2.084462221363860002e-01,3.432065948017140045e-01,4.721854723633039930e-01,2.844460181389529829e-01,2.368790757285489934e-01,5.437469174580740194e-01,4.027834251677209765e-01,6.545208317847639456e-01,5.012087021005999787e-01,2.827492022529999871e-01,3.422918625151230021e-01,3.077751272776039770e-01,3.102741104864880084e-01,2.584538672238460011e-01,1.668734900695829915e-01,9.901630097441370404e-02,2.754748513089010087e-02,3.975664366939610228e-01,4.215151295208430238e-01,2.727650866619930059e-01,2.948513032011140234e-01,2.790948391412079732e-01,3.711003043907459831e-01,2.676060485537309908e-01,1.289927188483240006e-01,-3.271589142319650083e-03,3.884607834393260205e-03,2.049897116542460096e-01,3.292214110030299845e-01,6.479748065243680077e-01,3.267162229377699734e-01,4.091227908600990060e-01,2.993545271875500124e-01,2.165366348081839976e-01,1.638276389671849964e-01,2.936757972212969969e-01,4.057513278208759733e-01,2.255461539489549971e-01,2.341934347167360098e-01,5.141162158474610333e-01,4.045248066726809810e-01,4.243926338165460166e-01,4.096605917571449762e-01,2.791258289444890073e-01,3.393696355717409907e-01,3.326430149576740103e-01,3.200804355087080166e-01,2.671319120449590079e-01,1.543045651517239991e-01,7.575966658527520659e-02,9.072168350283120464e-03,3.321141665686510036e-01,2.161928651382059863e-01,1.968312793365810109e-01,2.671130011750330047e-01,2.937721277200600056e-01,3.311957884296979904e-01
3.663606330399289956e-01,3.924409312577720188e-01,2.415712044352799903e-01,2.876961962128909978e-01,4.565904776549949973e-01,4.477078482376419810e-01,6.009304438917170144e-01,1.000000000000000000e+00,5.991963180726860294e-01,4.647856287973299860e-01,3.768779947787589957e-01,3.194039173587119862e-01,3.781443991827029838e-01,4.553494024187190181e-01,4.021997178252529892e-01,4.250653780054620134e-01,4.900326997963609932e-01,3.874625480305149972e-01,6.349720137350659543e-01,5.805427319943640141e-01,3.272788813290020138e-01,3.817079710383929902e-01,3.379620506486920029e-01,3.790366061252939955e-01,3.504257468801609821e-01,2.549123846349189981e-01,1.285430097768749946e-01,1.452927356600069997e-01,4.057980125787140069e-01,5.955257827803509540e-01,4.136255904149919727e-01,4.457050665629839759e-01,3.550807386940310062e-01,4.138460253543559952e-01,3.024298580577149953e-01,2.223945908677990024e-01,1.683830919387480085e-01,2.277831693211319897e-01,3.072674463469610151e-01,3.786722435994819835e-01,4.938474709901030102e-01,6.302067935800620413e-01,4.613371401401800131e-01,4.444406956247219931e-01,3.687173008498709770e-01,3.182436450976269815e-01,3.349185511626739942e-01,4.287622745548619885e-01,3.794843415445249835e-01,4.236042486732580215e-01,4.774212589558409769e-01,3.826946625302010130e-01,5.128171247082690121e-01,5.371732102765199857e-01,3.296212288128069767e-01,3.861668139509030206e-01,3.508390384621730140e-01,3.889962968118009790e-01,3.509246790462520194e-01,2.528467266398730096e-01,1.140122164679369943e-01,1.421840300811189894e-01,3.256109429678409883e-01,4.503879524466860018e-01,3.476823316088790139e-01,4.295896000393509828e-01,3.774560783866640068e-01,3.939261600720250223e-01
3.451998585275550258e-01,4.658901401904649853e-01,1.913157380921420014e-01,1.789207902755970137e-01,3.875578987914020113e-01,4.258023041116389962e-01,6.653486395470179504e-01,5.991963180726860294e-01,1.000000000000000000e+00,2.888963251591279979e-01,2.057228007282020099e-01,1.567579238244259932e-01,1.959452451750380020e-01,3.287467826541660143e-01,3.339628713931580006e-01,2.523343959736329967e-01,4.075552040700469725e-01,3.535757283226669823e-01,7.515516734518149500e-01,5.192630672002349623e-01,2.150479767300799983e-01,3.000672170421729845e-01,2.559873115812629774e-01,2.798050792174340273e-01,3.007391443346820181e-01,2.336385589480070024e-01,1.095054690515279983e-01,8.518234761508010344e-02,4.293791037286309731e-01,5.528029495751950462e-01,3.032401780485899923e-01,3.031100686424419988e-01,2.440156719663640061e-01,2.546091555236689730e-01,2.366946252232010051e-01,2.441121115363379945e-01,8.175563354767459434e-02,1.123345502045119959e-01,2.420428206633840063e-01,3.205084216660279983e-01,4.960633063534790055e-01,3.884301220031979862e-01,5.707014964728750472e-01,2.786458690907029911e-01,2.126528023961339886e-01,1.418166943324699891e-01,1.623880916240749983e-01,2.961519094295200216e-01,2.886363697650500271e-01,2.464570163028730054e-01,4.327107824389609947e-01,3.600535556012819938e-01,5.711044755637769699e-01,4.410894229099129871e-01,2.119370074233880019e-01,3.005316436073349751e-01,2.827656652984609775e-01,2.923741966826630123e-01,3.114352691525030248e-01,2.259522726117879909e-01,9.256814733521559480e-02,7.574350483842970383e-02,3.869997000554479816e-01,3.733403333008750158e-01,2.660552420042989752e-01,2.863346227893239782e-01,2.615839866849239970e-01,2.343902977445720126e-01
2.213690065230279891e-01,1.064343516736809964e-01,5.109955367777509888e-02,9.831952391615569886e-02,3.606606396500079970e-01,4.461405964087800102e-01,3.178522093238059787e-01,4.647856287973299860e-01,2.888963251591279979e-01,1.000000000000000000e+00,6.266873494732639882e-01,8.090986359814210382e-02,3.658022089833620205e-01,3.514278892819059918e-01,1.968073016633030137e-01,7.845722242922740230e-01,6.852214703127179618e-01,6.500546614079689700e-01,3.303653437137969995e-01,3.513581400186039927e-01,5.034998903527729830e-01,4.108213857082160247e-01,4.364641669651659894e-01,5.163396663428190259e-01,4.711072223005939863e-01,2.188914149102710038e-01,1.063914876966760015e-01,9.173407327585829385e-02,3.932837940278490207e-01,2.638157909477409913e-01,4.530379308501120139e-01,5.483263803336050346e-01,3.998530477699199781e-01,5.556775353103250437e-01,2.211599274134840032e-01,1.098875527274500025e-01,6.029268696133509992e-02,1.234625796765580069e-01,2.984409473315359773e-01,4.047203237810980125e-01,3.301980351594719920e-01,4.340181069423950100e-01,2.609677302534810228e-01,8.015536054938440236e-01,5.919952638938870138e-01,9.638664560357629307e-02,3.797778024236529992e-01,3.555780418215779837e-01,1.858464315698490077e-01,7.330495162144600174e-01,5.763020741879469888e-01,6.170242763849249634e-01,2.803018314272299749e-01,3.127787163436249740e-01,5.094448515855549697e-01,4.201964663606490014e-01,4.315062807150970015e-01,5.011239010098389457e-01,4.540268871410539919e-01,1.847880400832150050e-01,1.094338276189179976e-01,9.936567675405029443e-02,3.462267688377390074e-01,2.315062718383679996e-01,3.931346900620810159e-01,5.284070819418740239e-01,4.186760027484630053e-01,5.337895879016240075e-01
1.686800625548809940e-01,8.019147960939319864e-02,7.038285679492180258e-02,1.278710231190940128e-01,2.350760871703490018e-01,2.699134039876909807e-01,2.246974398123260108e-01,3.768779947787589957e-01,2.057228007282020099e-01,6.266873494732639882e-01,1.000000000000000000e+00,1.021177291046879987e-01,2.798212687653869879e-01,3.402408396441469751e-01,2.232908724485440088e-01,6.223952836121899868e-01,4.793722261712969890e-01,4.920991388478410111e-01,2.858321471840269967e-01,3.642151811688200125e-01,4.252289133289030021e-01,3.343184313232659965e-01,3.485775556403810094e-01,4.328939035684279957e-01,3.775722450451000078e-01,2.131635818607059973e-01,9.197273219362210595e-02,8.674817589149730335e-02,2.904912607655790180e-01,2.379171102784040093e-01,3.599139677987189812e-01,4.558389518239929772e-01,3.411324280962519939e-01,4.283491174401229951e-01,1.804620910229139952e-01,9.916740757287580144e-02,7.839911229901179446e-02,1.462047586421739986e-01,2.219462524426930039e-01,2.811658780063739926e-01,2.600151322544220212e-01,3.765499096321460182e-01,2.154733401745509980e-01,6.004942190926879642e-01,6.056506017229550398e-01,1.234012476194900065e-01,2.971975515796180245e-01,3.278230080844580230e-01,2.162912824553319957e-01,6.036525348179080375e-01,4.295883138964339820e-01,4.773143918506980166e-01,2.722194668682860197e-01,3.376073577300839901e-01,4.285909075235200261e-01,3.414665369039869836e-01,3.452557435864819779e-01,4.203211840253019971e-01,3.674390208238310085e-01,1.899635413558800057e-01,9.518460613499470091e-02,9.532944135645310402e-02,2.643166462316730025e-01,2.254060781755090059e-01,3.310072531366259896e-01,4.513100367661990187e-01,3.605865526845919988e-01,4.255260463469640042e-01
1.792487164559939949e-01,9.215250717009970671e-02,1.227133548100499960e-01,2.899616698457950226e-01,1.066079570626110029e-01,7.438514486445299556e-02,2.084462221363860002e-01,3.194039173587119862e-01,1.567579238244259932e-01,8.090986359814210382e-02,1.021177291046879987e-01,1.000000000000000000e+00,1.884015915909210137e-01,2.352817543403019906e-01,2.638087172097580146e-01,1.104093520779339949e-01,8.952763834189740588e-02,7.162334867860370435e-02,2.203543251324550090e-01,2.960745221668409921e-01,1.126615666890350004e-01,1.621095260415610084e-01,1.399953447410099971e-01,1.287766095708690051e-01,1.049819789370070033e-01,1.252785289948210035e-01,6.263631824635769452e-02,7.464116529603090355e-02,9.839603173577990414e-02,2.233607821614480016e-01,1.000056786414680043e-01,1.644075874913049906e-01,1.638750162393310117e-01,1.631001437042439994e-01,1.534860875546220083e-01,2.687383352975740089e-02,9.514482727664920481e-02,2.038911999880080039e-01,3.742495283335259965e-02,4.192326593896329723e-02,1.618833216070940106e-01,2.502665673489160025e-01,1.116250656640020017e-01,7.020075404509769357e-02,1.079349395786610016e-01,3.431677662492160219e-01,1.569365857195620106e-01,2.250691134469209875e-01,2.619113886398349855e-01,1.124581905048509939e-01,7.527301386570260655e-02,6.485288783387950506e-02,1.896304947951510111e-01,2.998824596982109791e-01,1.115776628679990001e-01,1.600505622357709934e-01,1.426495149676579866e-01,1.362168266603019928e-01,1.044919244763179988e-01,1.400939065393299876e-01,5.528762976267039692e-02,7.045507179901129569e-02,5.586529323376669687e-02,1.619643146976350034e-01,6.898515615510900090e-02,1.542067473640419961e-01,1.705230896588129930e-01,1.525369727771339889e-01
2.130357609482060044e-01,3.697235585634670030e-02,-8.307412088432050007e-03,4.871776402582689985e-02,3.241086922177789931e-01,3.698000333662220251e-01,3.432065948017140045e-01,3.781443991827029838e-01,1.959452451750380020e-01,3.658022089833620205e-01,2.798212687653869879e-01,1.884015915909210137e-01,1.000000000000000000e+00,3.786834054811569761e-01,1.688147292046290049e-01,2.817448180416439740e-01,4.356750880897459766e-01,3.495933010842249833e-01,2.236816846155869898e-01,2.992809635669380075e-01,3.109334807280390023e-01,3.207867880737810262e-01,2.620928162917570137e-01,3.176388856714970066e-01,2.380464750352090098e-01,1.286831005138809880e-01,6.667518631850810618e-02,2.641269568851899868e-02,2.179730801900200132e-01,1.386657079232520018e-01,2.405267674303659953e-01,2.825871481597159729e-01,2.760359291664140069e-01,3.990740805410070147e-01,2.178410277242900095e-01,1.202290301529120031e-02,-2.430421605374780136e-03,4.879563264446629828e-02,2.077581715834239950e-01,2.977875746194140194e-01,3.338676168257890264e-01,2.863648322550489955e-01,1.378152294021399993e-01,3.610593300470940070e-01,2.588891188828559842e-01,1.760246878458389952e-01,3.963026573147270248e-01,3.478850421465810028e-01,1.501401049064350068e-01,2.876314672808369943e-01,3.851485432071690140e-01,3.504653243181610200e-01,1.561101417000330116e-01,2.719953517551190192e-01,3.148511258112399736e-01,3.232346442607469950e-01,2.672331825676200201e-01,3.185490458147430259e-01,2.443556197105579975e-01,1.196180751608140053e-01,7.199146840525169622e-02,3.310990872564639753e-02,1.905652852365460059e-01,9.360230051454790368e-02,1.813245676085019908e-01,2.809259443663569833e-01,2.909775223054489879e-01,3.986054453894780081e-01
2.641671309714869742e-01,1.439809214967809892e-01,6.705368152258239789e-02,1.275988285929169908e-01,3.159249433379909822e-01,3.515158794509409823e-01,4.721854723633039930e-01,4.553494024187190181e-01,3.287467826541660143e-01,3.514278892819059918e-01,3.402408396441469751e-01,2.352817543403019906e-01,3.786834054811569761e-01,1.000000000000000000e+00,3.383011276557110203e-01,3.100051460263569814e-01,4.672769223466660127e-01,3.774282008229979946e-01,4.201127000105709941e-01,4.924405237406380142e-01,3.329252478539109772e-01,3.511873871028919902e-01,3.073739776246520172e-01,3.416895679770690086e-01,2.573315096363970045e-01,1.704308970663140077e-01,9.143337057091040221e-02,4.515943327475890195e-02,2.818181446706770066e-01,2.952495737908870099e-01,2.586986548956219933e-01,3.171484086312780226e-01,3.112346364712180180e-01,3.968342078424110242e-01,2.351028547580980010e-01,6.867147447813549965e-02,3.475454361590889912e-02,9.410907847234749324e-02,1.741950736881900108e-01,2.505700206422680210e-01,4.122895444021369982e-01,3.214673087767659920e-01,2.261756738702959957e-01,3.398175347270819824e-01,3.015013643768990059e-01,2.271268780045549995e-01,3.489928367963410216e-01,4.939707887711189960e-01,2.975942465404369797e-01,3.159768133879999885e-01,4.334479060019569840e-01,3.753879067198470088e-01,3.265790952620569731e-01,4.510838111471500156e-01,3.307044086944859740e-01,3.475082647204970066e-01,3.171448002089179985e-01,3.444780973835139815e-01,2.660391267415809780e-01,1.693442556220280115e-01,8.350045954208459853e-02,4.787447227722400195e-02,2.451709047746599979e-01,2.090426311301669948e-01,1.961175569102099892e-01,3.107474250941250071e-01,3.298625167974609806e-01,3.881183649102880051e-01
1.928636500677080035e-01,1.644071543198279972e-01,1.994134651922679913e-01,3.219829863935930181e-01,1.133302806683619962e-01,8.836658149743779889e-02,2.844460181389529829e-01,4.021997178252529892e-01,3.339628713931580006e-01,1.968073016633030137e-01,2.232908724485440088e-01,2.638087172097580146e-01,1.688147292046290049e-01,3.383011276557110203e-01,1.000000000000000000e+00,2.645728212551999858e-01,1.778692131543989918e-01,2.418703407528129956e-01,4.845639161007589957e-01,6.027098078459010022e-01,2.811937014973249771e-01,3.203906581309550194e-01,2.653352650728100226e-01,3.328200282085839734e-01,2.748199223727529894e-01,3.009673617527540146e-01,1.005112189946889972e-01,1.116992797340280036e-01,2.343632889002900122e-01,3.961222022800929832e-01,2.070851251792500125e-01,2.813822720902410257e-01,2.429522893792230021e-01,2.132704559501210073e-01,1.691520506547929958e-01,1.136205317095950046e-01,1.617377874534149940e-01,2.810659992818210218e-01,8.321377251124839614e-02,9.453475018396539920e-02,2.605726597418550061e-01,3.545083500154520006e-01,3.044787752353130261e-01,1.880957026872260018e-01,2.300352586405559896e-01,2.910148784796339760e-01,1.609435702063189977e-01,3.320841189457939824e-01,4.915233218906089885e-01,2.636437277424439896e-01,1.874402116819620101e-01,2.354898204817789942e-01,4.726739583418180235e-01,5.847952011670319861e-01,2.765943392176070104e-01,3.166787584677510092e-01,2.679076623707180027e-01,3.261488015225770254e-01,2.771143823059289968e-01,2.947122555388499987e-01,9.057903816810859710e-02,1.135350664462410064e-01,2.014450785960660018e-01,3.358483482598110248e-01,1.903971885856139967e-01,2.775371115195139904e-01,2.563770514687199742e-01,2.069179211287330011e-01
1.874529154458280111e-01,1.277182978610849895e-01,1.114856376133910032e-01,1.765095854447069901e-01,2.414407332729190114e-01,2.743363302332019749e-01,2.368790757285489934e-01,4.250653780054620134e-01,2.523343959736329967e-01,7.845722242922740230e-01,6.223952836121899868e-01,1.104093520779339949e-01,2.817448180416439740e-01,3.100051460263569814e-01,2.645728212551999858e-01,1.000000000000000000e+00,5.522783454245470125e-01,5.528946494872729600e-01,3.428561596638879938e-01,3.868473537412899788e-01,4.927270540031449819e-01,3.922659899454620236e-01,4.126432104072080276e-01,5.047746381031740226e-01,4.425862236495490265e-01,2.410609287552689939e-01,1.119767563338749938e-01,1.203229208173279968e-01,3.483334765469700001e-01,3.194670584897559840e-01,4.419631829563699932e-01,5.695534947641549550e-01,4.160357053455739917e-01,5.038312503062399861e-01,1.994575390025770112e-01,1.466407112861629891e-01,1.181296841999630032e-01,2.024002904816349924e-01,2.573342207571739926e-01,3.149915287614670212e-01,2.792586033023650161e-01,4.485895297530240189e-01,2.839028471261699771e-01,7.235454091966460055e-01,6.023242316955830233e-01,1.442261661538019879e-01,3.037318815427609842e-01,3.325442365194730132e-01,2.683988754563569890e-01,8.360144013758249448e-01,4.751639166905419764e-01,5.242989798372600374e-01,3.394696609954669930e-01,3.728758579925199879e-01,4.966029978313449833e-01,4.024936818999950150e-01,4.043620495268649973e-01,4.900506902246590246e-01,4.229381013905090247e-01,2.181824520212999885e-01,1.151878243763810039e-01,1.325493567299410036e-01,3.135085578639930093e-01,3.089383398654699797e-01,4.131964909957829835e-01,5.520806311482430173e-01,4.297372703578499764e-01,4.891969043699950226e-01
3.052849005414030037e-01,1.734777493976639995e-01,1.043832119755429971e-02,1.284260618638109926e-02,5.029130532340959636e-01,6.100577336053659705e-01,5.437469174580740194e-01,4.900326997963609932e-01,4.075552040700469725e-01,6.852214703127179618e-01,4.793722261712969890e-01,8.952763834189740588e-02,4.356750880897459766e-01,4.672769223466660127e-01,1.778692131543989918e-01,5.522783454245470125e-01,1.000000000000000000e+00,6.986675231712039524e-01,4.613238417487749987e-01,3.988908998397340255e-01,4.459820128297179997e-01,4.060209087660480165e-01,3.980356380391549820e-01,4.692075929657220090e-01,4.275306603581309761e-01,1.859643668163729890e-01,1.067941434562589970e-01,4.945125906103260000e-02,4.880676649204869766e-01,3.082633366396420049e-01,4.310636195855129804e-01,4.794468276277130125e-01,3.856245594403659993e-01,5.903289684409700477e-01,2.663940705278809995e-01,9.368390898094690333e-02,-6.644053766010779571e-03,1.243719261698750071e-02,3.117260696454299818e-01,4.484354059258289782e-01,4.697862858592640189e-01,3.444296494811859843e-01,2.690746314653320037e-01,6.435851733478640258e-01,4.480065330771569876e-01,7.379699439195079591e-02,4.292417415304140005e-01,4.328276898888370194e-01,1.415565808517899871e-01,5.304605533224000524e-01,7.636376421556020366e-01,6.716064121451870150e-01,3.028592309206900035e-01,3.250162795511509772e-01,4.484109264202200129e-01,4.089015438365369848e-01,4.060689320165529748e-01,4.603052509455650143e-01,4.216241361069359983e-01,1.548672797505150078e-01,1.070057472178529978e-01,5.413244735915700295e-02,4.229469631007909958e-01,2.029410919081230114e-01,3.328009937011079944e-01,4.508860553573559860e-01,4.026490517420440174e-01,5.609380896637820024e-01
2.288249110665190045e-01,9.073832170524609442e-02,3.922591542782739860e-02,6.355724272833460087e-02,3.324493543899539882e-01,4.150806713540419746e-01,4.027834251677209765e-01,3.874625480305149972e-01,3.535757283226669823e-01,6.500546614079689700e-01,4.920991388478410111e-01,7.162334867860370435e-02,3.495933010842249833e-01,3.774282008229979946e-01,2.418703407528129956e-01,5.528946494872729600e-01,6.986675231712039524e-01,1.000000000000000000e+00,4.930452433779929922e-01,4.799713031462010115e-01,6.292558419695609695e-01,5.280836849493439900e-01,5.853046193185600377e-01,6.457506809917340496e-01,6.027991318125009990e-01,2.682943424727530224e-01,1.074501930335659966e-01,6.633359917663790573e-02,5.192448958901899614e-01,2.708496486008920012e-01,3.759207382748960269e-01,4.319120570588450003e-01,3.269532347675290218e-01,4.666717999643710257e-01,2.166113232296530133e-01,7.254473628406379881e-02,3.484669488275030091e-02,7.709726501345580407e-02,2.404796837324109926e-01,3.386970962072650138e-01,3.831801481777810103e-01,3.278624924480940117e-01,2.812937693154780039e-01,6.033753804276630328e-01,4.644920000929739778e-01,7.791941780183629651e-02,3.514869769619730078e-01,3.686108743011540234e-01,2.056682562235369882e-01,5.280611583392840203e-01,5.958034414507249465e-01,8.798812943041229850e-01,3.983642138443049818e-01,4.042077628254370225e-01,6.230038536094240076e-01,5.215954585431610280e-01,5.811570216536929845e-01,6.235697689261470167e-01,5.877705504703250039e-01,2.184381599257539941e-01,1.132442648178020039e-01,8.117047434691800067e-02,4.614893102473169861e-01,2.111436348068120028e-01,3.307692033296200096e-01,4.254140989744479850e-01,3.497657469190080248e-01,4.475405214860829761e-01
3.518690272096149929e-01,4.547885643462630245e-01,2.548167256914550260e-01,2.770739051387590135e-01,3.625990238453979941e-01,3.774625080897530127e-01,6.545208317847639456e-01,6.349720137350659543e-01,7.515516734518149500e-01,3.303653437137969995e-01,2.858321471840269967e-01,2.203543251324550090e-01,2.236816846155869898e-01,4.201127000105709941e-01,4.845639161007589957e-01,3.428561596638879938e-01,4.613238417487759979e-01,4.930452433779929922e-01,1.000000000000000000e+00,7.327760721187119852e-01,3.530619191308789762e-01,3.950768447494280022e-01,3.980761733866630125e-01,4.176986976035729771e-01,4.563858675964139744e-01,3.349788885829380058e-01,1.389946575959210007e-01,1.342187801564490024e-01,5.352019014609680214e-01,7.071717028350600343e-01,4.070429369876890080e-01,4.077070753918249912e-01,2.975931252882009770e-01,3.096454396899079864e-01,2.511156174290229970e-01,2.529265423196609963e-01,1.457802957736170080e-01,2.041818665513170095e-01,2.210332611471720055e-01,2.811029721797689840e-01,4.962398104126850007e-01,4.345510722103440027e-01,5.583164788441850046e-01,3.113172349606709854e-01,2.937900872120859930e-01,2.176356024041060100e-01,1.951499726410080016e-01,3.915946703558790265e-01,4.366060927234490241e-01,3.334826522559020123e-01,4.702025529171239837e-01,4.778014655911420050e-01,7.457334782026799891e-01,6.467195097576350360e-01,3.456471709193559838e-01,3.909276648864870030e-01,4.118859108922169887e-01,4.256063114948099857e-01,4.529806827483660037e-01,3.184032879551069728e-01,1.221374147575410019e-01,1.310994357573020130e-01,4.579184650654229971e-01,5.057601781942959729e-01,3.485411946076339973e-01,3.825489347987989786e-01,3.152881994033400193e-01,2.842100541552309845e-01
2.676343365192869750e-01,1.833190632570090017e-01,2.176080891779630100e-01,3.162606912150899841e-01,2.518833722142430065e-01,2.604199931894000120e-01,5.012087021005999787e-01,5.805427319943640141e-01,5.192630672002349623e-01,3.513581400186039927e-01,3.642151811688200125e-01,2.960745221668409921e-01,2.992809635669380075e-01,4.924405237406380142e-01,6.027098078459010022e-01,3.868473537412899788e-01,3.988908998397340255e-01,4.799713031462010115e-01,7.327760721187119852e-01,1.000000000000000000e+00,4.647810568398270115e-01,4.781250067780120072e-01,3.740376554396209752e-01,4.996844780590760093e-01,4.161555143103760068e-01,3.788681786352560144e-01,1.195107267475629953e-01,1.223968308833500024e-01,3.677018852216379918e-01,5.209154547114229761e-01,3.465551927842829838e-01,4.109553977484919907e-01,3.403290636961550097e-01,3.556137499020050052e-01,2.255018543057460134e-01,7.487776800775890196e-02,1.590048193540579968e-01,2.576992373773420164e-01,1.322526990135959868e-01,2.013914763308020106e-01,4.305621808090169811e-01,4.406511790383039751e-01,4.006747129129730189e-01,3.364366254926420274e-01,3.583499286180950039e-01,3.086014717755610204e-01,2.847639714495029950e-01,4.730713653964510046e-01,5.451058916502500296e-01,3.874986686736089925e-01,3.903465634607720114e-01,4.747662458067610225e-01,6.328635265576130209e-01,8.215178485281390275e-01,4.590080271205039808e-01,4.742559071619030231e-01,3.839008849084740160e-01,5.037161311933520125e-01,4.192363148024599862e-01,3.664232702038299760e-01,1.123375762186519938e-01,1.211652746620320020e-01,3.022895112846700205e-01,3.902458079526630041e-01,2.888627619359059873e-01,3.993367011337149997e-01,3.620642824643979796e-01,3.446491934137639879e-01
1.806388767319289934e-01,6.011553139558010322e-02,5.095620377920839772e-02,9.779880734591710201e-02,2.509393800094220084e-01,2.878441166227539982e-01,2.827492022529999871e-01,3.272788813290020138e-01,2.150479767300799983e-01,5.034998903527729830e-01,4.252289133289030021e-01,1.126615666890350004e-01,3.109334807280390023e-01,3.329252478539109772e-01,2.811937014973249771e-01,4.927270540031449819e-01,4.459820128297179997e-01,6.292558419695609695e-01,3.530619191308789762e-01,4.647810568398270115e-01,1.000000000000000000e+00,7.139016041867970452e-01,5.276220454242289692e-01,7.833343121349930493e-01,4.883265574613739890e-01,2.452453705288520081e-01,8.494568784504290260e-02,7.075614496193789738e-02,3.013248281115820104e-01,2.275640994078839963e-01,3.647018169202539961e-01,4.124757458984409930e-01,3.304244845698859900e-01,4.040215431996280193e-01,1.896994549989380052e-01,5.962490794449210041e-02,5.503381450575939998e-02,1.107714098035500055e-01,2.055854550162629912e-01,2.694422956240720146e-01,2.941920081568479839e-01,2.985144445253560264e-01,1.976698880923860036e-01,4.773914741347299873e-01,4.055538314062939742e-01,1.267317632302910058e-01,3.166959781416759934e-01,3.390718246555309845e-01,2.597681636344020273e-01,4.834463199021489799e-01,3.900138373455599994e-01,6.076164996949400265e-01,3.105718311533000042e-01,4.160034439476830159e-01,8.408464235556849520e-01,6.959686885301239467e-01,5.221630237334620173e-01,7.650663743816960016e-01,4.791277400714589740e-01,2.097304638512620112e-01,8.900444954900650629e-02,8.549185191710860499e-02,2.630998982399530006e-01,2.009984134790749888e-01,3.236666412400869830e-01,4.158449665147310181e-01,3.521074995911970262e-01,3.972846762389650177e-01
2.315901685884350081e-01,1.314537409517529953e-01,7.561843164516909854e-02,1.284549371546259977e-01,2.881279092805519859e-01,3.060908364431180195e-01,3.422918625151230021e-01,3.817079710383929902e-01,3.000672170421729845e-01,4.108213857082160247e-01,3.343184313232659965e-01,1.621095260415610084e-01,3.207867880737810262e-01,3.511873871028919902e-01,3.203906581309550194e-01,3.922659899454620236e-01,4.060209087660480165e-01,5.280836849493439900e-01,3.950768447494280022e-01,4.781250067780120072e-01,7.139016041867970452e-01,1.000000000000000000e+00,5.366526473877629710e-01,7.383122027827480061e-01,4.277428588411920085e-01,2.420250846752609875e-01,8.521392166104549415e-02,5.942165714950890104e-02,2.880002143987109853e-01,2.544512473226049898e-01,2.964722363832479890e-01,3.411335558590650185e-01,3.527066667523869881e-01,3.809290065901699829e-01,2.407160611586059984e-01,1.138299776412289993e-01,6.656358378807790410e-02,1.347924203905400131e-01,2.407298293062239969e-01,2.991055345174740143e-01,3.535514531889559775e-01,3.493100602775899843e-01,2.836104573667539985e-01,4.008395840490640016e-01,3.223370466553540092e-01,1.801953207148719871e-01,3.187994278214090205e-01,3.639214702542329927e-01,3.077398502123159796e-01,3.893392600211120214e-01,3.820947010231349750e-01,5.198497529831199726e-01,3.637623883175499784e-01,4.472285498815909976e-01,6.928712368759970541e-01,8.228935864917660270e-01,5.311495259753780118e-01,7.294811308610329448e-01,4.348719471096290090e-01,2.263570366294639924e-01,9.087571362750990200e-02,7.655495871232470551e-02,2.757293829075809777e-01,2.292463569350859931e-01,2.661996250069920134e-01,3.490676334265189751e-01,3.721765222446720145e-01,3.796810828842099861e-01
2.145231766939360019e-01,1.591322072957910005e-01,1.034581732070789933e-01,1.412875348501509976e-01,2.831954445803079867e-01,2.771683730465739903e-01,3.077751272776039770e-01,3.379620506486920029e-01,2.559873115812629774e-01,4.364641669651659894e-01,3.485775556403810094e-01,1.399953447410099971e-01,2.620928162917570137e-01,3.073739776246520172e-01,2.653352650728100226e-01,4.126432104072080276e-01,3.980356380391549820e-01,5.853046193185600377e-01,3.980761733866630125e-01,3.740376554396209752e-01,5.276220454242289692e-01,5.366526473877629710e-01,1.000000000000000000e+00,5.473740133911120243e-01,5.642138582831880411e-01,2.088307072631430117e-01,9.474007760483990626e-02,8.351162812655779644e-02,3.913010988931239775e-01,3.119329515569579936e-01,3.534641533819299908e-01,3.929700471671340178e-01,2.983315665313430176e-01,3.510403885770330135e-01,2.215263914043290039e-01,1.647341787536779900e-01,9.992523984122170244e-02,1.575714631957750023e-01,2.556991299637810244e-01,2.714593922029079898e-01,3.150298691927930217e-01,3.318864349864110164e-01,2.554911475307800051e-01,3.956710470233629762e-01,3.395999130353409834e-01,1.612111110236920108e-01,2.599470693841670066e-01,3.208408866205499921e-01,2.636107732053140085e-01,3.950885653870119807e-01,3.430214433473269819e-01,5.324228888305150287e-01,3.732813891674010010e-01,3.560634607626360082e-01,5.100133901023520266e-01,5.041554828830070445e-01,8.652833762750770097e-01,5.333204083767779657e-01,5.439134079260099508e-01,1.849781020999979875e-01,9.955578798186319467e-02,1.071644671497919976e-01,3.390686855431990221e-01,2.904498562856719923e-01,3.376267539277270080e-01,3.931715842559980190e-01,3.146384735791080134e-01,3.355661225035290185e-01
