1.000000000000000000e+00,4.684408791808330336e-02,5.659317543544908208e-02,2.894399406467943608e-02,1.180221311854644413e-02,4.913627173139047122e-02,5.816256162400667423e-02,4.785019792470433797e-02,3.864700792473096946e-02,2.851192327076003744e-02,1.364547815594437802e-02,1.209749323362411047e-02,2.418554740600135314e-03,-9.323708701744671049e-03,-1.288123203800596236e-02,4.063582382242343638e-02,1.158164746691498978e-02,3.169658043787917240e-02,2.651817775248885289e-02,2.644303786642297760e-02,1.534920921412980498e-02,-4.733596526778997013e-04,-1.204268064723130333e-02,3.563628123239833551e-02,2.998681340448234103e-02,7.433445026109701537e-03,-2.180867856746685970e-02,-8.343635337143377739e-03,-5.690168244535490387e-04,-1.995852543812949575e-02,-1.218963612310836357e-03,3.537440003872704963e-02,3.348000523076737067e-02,4.364464092231569448e-02,-1.893626523027907432e-02,3.327848781929104716e-02,-6.454527113809633426e-03,2.903752147617355561e-02,2.742407733136778200e-02,4.327480100346502156e-02,5.963597285997184611e-02,-8.508086581584351632e-03,-1.658571403629221369e-02,-2.154747175020308228e-02,-3.093299851050848592e-02,-2.468883093721834301e-02,-1.904896318581091041e-02,-1.611454021982183446e-02,4.629620076363549774e-02,2.860687607609337796e-02,3.903213636611245485e-02,2.851392841551041862e-02,3.215980604816884303e-02,1.313198882814175031e-02,2.173031576368568765e-02,2.518147594137710304e-02,2.821534479037668061e-02,2.222018719212758009e-02,1.970237078933584698e-02,8.977644250153139424e-03,3.424283195524585426e-03,-1.004351143844726610e-02,-2.842441136740890897e-02,-2.655157296056675012e-02,-3.337609840756756811e-03,-1.732368276016782796e-02,3.048851854660165547e-02,-1.281716440854998446e-02,1.994768710384100738e-02,2.222780336021996581e-02,1.229524403470736056e-02,-1.309524547121656071e-02,-2.587461143003732394e-02,2.602914938761376890e-02,5.583706177667834350e-03,4.675591090647835367e-03,-3.758077771785575411e-03,-1.851051000115233602e-02,-7.256041282418660907e-03,1.322244817437745988e-02,1.289583099228098356e-02,2.504542766095897710e-02,-4.181572825432590401e-02,-3.309048133676510683e-02,-3.332050830720926365e-02,-2.793362299725297634e-02,-6.893744191711144616e-03,-1.102373900017865165e-02,2.690135497614872320e-02,2.601415765646017050e-02,2.459402604348765939e-02,1.018134510023972414e-02,3.046217558721562441e-02,-1.736546301134338569e-02,-2.522297439604886254e-02,-2.171111888870374054e-02,-3.724259845775203942e-02,-2.445032429501414750e-02,2.885772923649058616e-02,2.774171687490799634e-02
4.684408791808330336e-02,1.000000000000000000e+00,7.817743421096830236e-02,1.110141425714073482e-01,1.264491472424248697e-01,9.155709737420700267e-02,8.813573409400160541e-02,1.161571820501803576e-01,9.193424601615143854e-02,-8.877901513272759906e-03,-1.529030013874612716e-02,-3.364890827723459460e-02,-3.194964335921416515e-02,-4.555533464576717873e-02,-2.223104056041112081e-02,7.401104314848980237e-02,-2.757411809036294792e-02,4.107734504551550231e-02,-2.547068185553483591e-02,2.194364775869907594e-02,1.044075789302676555e-02,-4.825913039131836391e-02,-4.851923481554885204e-02,-6.610129393882424251e-03,-8.953362466830690940e-04,-2.485955847278637984e-02,-6.012629582239475273e-02,-2.971313095852263358e-02,-1.413878541829510262e-02,-5.077670957695314818e-02,-1.536039687108069034e-02,3.457508403750375343e-03,7.555790743787182615e-03,1.229959776319928567e-02,-4.771002201414809019e-02,6.891127616249098642e-02,-1.594648418937401335e-02,-2.390184293578743666e-02,-1.303414693528991142e-02,3.100483507696222274e-02,4.102677871820915867e-02,-2.881300261592186981e-02,-5.225900928015502628e-02,-4.043022232781821185e-02,-5.359241353026106269e-02,-6.308957581460473973e-02,-5.640653628644047568e-02,-4.718362976516875251e-02,6.236170959745510750e-02,1.645153248990003508e-02,3.451450229512158241e-02,1.204436434154822905e-01,8.157891846828747850e-02,1.135900428342620921e-01,1.062254977946072432e-01,8.502321284654230926e-02,1.055433902394977697e-01,9.347627740466130097e-02,3.124452209119200040e-03,-1.088881053102476980e-02,-2.994028846996160328e-02,-3.043412351423823575e-02,-5.343718503788607438e-02,-4.570554661737361024e-02,-8.639139480019132622e-03,-3.137834614098377467e-02,7.837394426168374506e-02,-3.103814279426999820e-02,1.852538143102305454e-02,4.470710749011188451e-02,9.872339008002597657e-03,-4.369294457095413559e-02,-5.331172626039799162e-02,3.784568544577178451e-02,-5.638538913877081879e-03,-1.819719924077353376e-02,-2.035198337005937608e-02,-3.894016405351891780e-02,-1.721623564103513110e-02,9.177168782137645753e-03,5.092705485573996264e-03,4.450362829463197500e-02,-5.713347118677680053e-02,-5.272998478670379296e-02,-5.390802950020751744e-02,-5.567553153535642618e-02,-1.809296277887165877e-02,-3.533416276475660062e-02,4.030420020503383549e-02,3.577075532624134080e-02,4.419949750031804299e-03,-1.081690883331413132e-02,9.706561277805489385e-03,-2.606683425346003474e-02,-4.627783240379231000e-02,-4.322046405927561230e-02,-6.626345707077047065e-02,-4.464419545655563121e-02,6.066330181479952927e-02,2.388859385812919581e-02
5.659317543544908208e-02,7.817743421096830236e-02,1.000000000000000000e+00,7.586667887780408626e-02,8.574068013382277198e-02,9.086123950200264421e-02,7.982058878897678456e-02,1.039609570654939225e-01,9.493508281614179700e-02,1.107457211908760737e-02,4.495783983988851061e-03,-1.286687241095684463e-02,-3.745849238183002281e-03,-1.506253644295985940e-02,-4.270943182783248741e-03,7.605189730713858565e-02,-1.042881076984194470e-03,6.004143226900203467e-02,8.346036177914090831e-03,3.894030563815598089e-02,3.507177116338388440e-02,-2.015497051757497715e-02,-2.808418715467808982e-02,2.306250218534024524e-02,4.596601857763806670e-03,-1.337124151277183093e-02,-3.933719989947831452e-02,-1.702862692773016162e-02,3.827212406478396490e-03,-2.998183106347887539e-02,-4.583813020369510716e-03,1.226527118918025253e-02,2.497345341056362786e-02,4.058321734950474241e-02,-3.314484449465262411e-02,7.381268154930586967e-02,-3.754889189646787827e-03,-1.136972092466337347e-02,1.152231846016940793e-02,4.332428839901335954e-02,6.332632889690498201e-02,-1.093161317369597749e-02,-3.410121642648457352e-02,-2.710146526171598388e-02,-4.105274338455660449e-02,-4.414469300239986377e-02,-3.323236647270604027e-02,-3.051741097364413929e-02,6.942255277405660896e-02,3.424449764599475643e-02,4.090742554438817763e-02,9.682543889576825102e-02,7.845962101065777350e-02,7.338321144275916641e-02,7.898832980794627534e-02,7.258155778071184727e-02,8.891490443061089710e-02,8.815239405461934574e-02,1.908240029547908154e-02,3.807922137660008435e-03,-1.354229122913122065e-02,-8.122532689477053591e-03,-3.156336319229520460e-02,-2.509172580634492708e-02,1.188464483111009024e-02,-8.551345937875759820e-03,7.941883683465615629e-02,-9.333971475231121750e-03,3.815712615928004009e-02,5.290542921501730639e-02,2.984055619657642947e-02,-2.392707646855738585e-02,-3.123809241461348793e-02,5.222142753943912613e-02,2.008609068750090432e-02,-8.839376363091152114e-03,-5.912062426658469018e-03,-2.269994257840876953e-02,-8.947943364188578469e-03,1.352876546367382318e-02,2.525634054581534643e-02,6.101415589159435438e-02,-5.057041477780666733e-02,-3.850720863547008738e-02,-3.697848956318655622e-02,-3.605157284257366063e-02,-4.498838955977799321e-03,-2.047050889556119302e-02,5.154431670338430194e-02,5.087982434288246258e-02,2.243765060958451824e-02,-1.147985077777185321e-03,2.718558858804365902e-02,-1.665585789109989834e-02,-3.316220732949098221e-02,-2.946756194108940408e-02,-4.937451463508647082e-02,-3.037573476832118938e-02,5.952675332583116929e-02,3.992384288887380894e-02
2.894399406467943608e-02,1.110141425714073482e-01,7.586667887780408626e-02,1.000000000000000000e+00,1.204137845710527288e-01,7.538426295446774839e-02,7.532923532225792307e-02,1.123883645152503052e-01,9.499312509631072099e-02,-3.108390916892948830e-02,-3.364204519739135563e-02,-5.295200073955618619e-02,-5.147912803953895444e-02,-6.154769576341293652e-02,-3.386345898341552169e-02,5.573206448917867456e-02,-4.182112593200303097e-02,2.383061784240537301e-02,-4.454560038568132485e-02,3.990135481917927995e-03,-8.746928089437612866e-03,-5.933169200628476275e-02,-5.894077584664508818e-02,-2.457496108368723356e-02,-1.325048738694435679e-02,-3.665082122852421354e-02,-7.508042849705380550e-02,-4.076159903457166750e-02,-3.095042794525157751e-02,-6.308422076214362240e-02,-3.310004770330655238e-02,-1.134429163844983927e-02,-9.906125316096470179e-03,-6.979676809092797730e-03,-6.222324625535008424e-02,5.981251053073458057e-02,-2.599707706613761313e-02,-3.967676548229659428e-02,-3.299354612763331224e-02,7.705597961734091464e-03,2.113649467301716850e-02,-4.596274171470173669e-02,-6.769729829115560260e-02,-5.318354123224534186e-02,-6.715687792844982074e-02,-6.780266409502375136e-02,-6.802030075067923287e-02,-6.304402355708585426e-02,5.242922361818116994e-02,1.745931232697320659e-03,2.075724973505348181e-02,1.089355986484610295e-01,6.500443439068603890e-02,1.325965256358764000e-01,1.126500942708505149e-01,7.227485395607256835e-02,1.027369847645718676e-01,8.810979221406806117e-02,-1.381691089816807633e-02,-2.302971336948453698e-02,-4.233365663700321135e-02,-4.782430854078205396e-02,-6.629811140141143866e-02,-6.141575812914440435e-02,-2.764192454362536522e-02,-4.145607042357680322e-02,5.906994977792628942e-02,-4.953592859384006036e-02,-8.060628728805648013e-03,2.388409501600624249e-02,-8.184927580577623998e-03,-5.352194263763907639e-02,-6.416345500594149154e-02,1.584581356015772602e-02,-2.772284579534341556e-02,-2.557885107274878236e-02,-2.868647008710360075e-02,-5.117450427970161864e-02,-2.596068999476360342e-02,-2.751061368155000800e-03,-1.444295638116524332e-02,2.535848243128467280e-02,-6.440302112953691371e-02,-6.417077679029767334e-02,-6.518106510248179719e-02,-7.092400016629984982e-02,-2.842719408823059929e-02,-4.368312345521520312e-02,2.485774601243438686e-02,1.477805758413886644e-02,-7.499519336417193212e-03,-1.884773666692840174e-02,-8.567245696922611009e-03,-3.445320574713837264e-02,-5.351253556662866756e-02,-5.237052398617397797e-02,-6.985132100156295210e-02,-5.786646090540287918e-02,4.784804905528122071e-02,8.404862438386012310e-03
1.180221311854644413e-02,1.264491472424248697e-01,8.574068013382277198e-02,1.204137845710527288e-01,1.000000000000000000e+00,7.958596495582441477e-02,7.112643289734592311e-02,1.142170964642253983e-01,9.552735269598434942e-02,-2.980273808981941108e-02,-3.516141146514992905e-02,-5.020601267163634501e-02,-4.985507284266157274e-02,-5.748882933438512199e-02,-2.554850319758654106e-02,3.620625451854283389e-02,-4.524924373007653544e-02,2.286287842203678020e-02,-3.837352929305751226e-02,1.320333636218825810e-02,-8.750343379520068854e-03,-5.910380570382162135e-02,-5.614289722672799465e-02,-2.410161241034813884e-02,-1.410358516711257559e-02,-3.227556224855126360e-02,-7.520454317762369223e-02,-4.349934778472953900e-02,-2.031188791636081084e-02,-5.737769002628347742e-02,-2.933554413333992750e-02,-6.178530478720076387e-03,-1.982782499876564394e-02,-5.638964825168674491e-03,-6.779192302555055172e-02,5.827871017844372253e-02,-1.836319040655507578e-02,-3.718963323383349395e-02,-3.903699051892718652e-02,5.392670614541326263e-03,2.316400943568013363e-02,-4.613878444562238834e-02,-6.582851271827286355e-02,-4.962823810412378411e-02,-7.388500318564548974e-02,-7.105963499795231453e-02,-7.083916294665522362e-02,-6.744948058285363257e-02,5.679377306563720973e-02,9.201861376738876622e-03,1.835778801707664207e-02,9.633491033463725817e-02,6.461082098994958001e-02,1.410388674998016290e-01,1.179200516127805187e-01,6.599544407496557574e-02,1.141591971070554934e-01,1.011110884035677088e-01,-1.481675255908001393e-02,-2.602501110417764982e-02,-5.066804449385124004e-02,-3.967740699309654784e-02,-5.614415125901383447e-02,-5.456524669911018421e-02,-2.517301242722089910e-02,-3.419865294805569944e-02,6.625735709937212448e-02,-3.798970569132485015e-02,2.575513620284576068e-03,3.621491676311077573e-02,6.202484935586632768e-03,-5.040108128842848978e-02,-6.126754341143206273e-02,2.312509399447549435e-02,-2.410976209010483318e-02,-2.806320308659998944e-02,-2.104553048755807704e-02,-4.604153413908321918e-02,-2.715361859437887687e-02,-1.138840273469893076e-02,-1.040060041025772479e-02,3.199253192629837594e-02,-7.235107922479551423e-02,-6.395971997453205049e-02,-6.291924762127076853e-02,-6.034954404020773100e-02,-1.806023040316043216e-02,-4.476276531351415511e-02,3.336279196411941206e-02,2.016196388559798880e-02,-1.361071575596065585e-02,-2.216138214251802199e-02,-1.479941648042682432e-02,-3.601539689777058517e-02,-5.149018323194749086e-02,-4.942555747323441190e-02,-7.263199025340463799e-02,-5.318457273671444580e-02,4.882032310424924693e-02,1.830386833207422320e-02
4.913627173139047122e-02,9.155709737420700267e-02,9.086123950200264421e-02,7.538426295446774839e-02,7.958596495582441477e-02,1.000000000000000000e+00,7.634800713880365852e-02,1.080308795716719700e-01,1.040742787126058694e-01,1.568679831447789431e-03,-1.474050225788221639e-03,-2.130133234232544498e-02,-8.925276963944624858e-03,-1.525212916658372220e-02,-1.775145346167425996e-03,6.881908926846602714e-02,-4.561615743558088132e-03,6.367939039996958761e-02,6.776505885997459802e-03,4.270882021294256786e-02,3.411229307996500870e-02,-2.619347288732487566e-02,-2.453548626195868609e-02,1.589012830811258742e-02,-2.367457016296820559e-03,-1.940792178164422316e-02,-4.182092107906110190e-02,-1.936244442102736524e-02,7.861454438023236096e-03,-2.862974424483515773e-02,-7.446547155964816991e-03,2.960702381426828875e-03,1.508437251631753254e-02,4.082414938337990823e-02,-3.948866382679943471e-02,7.651405766066038394e-02,-1.265741411666272600e-03,-2.163499512253692220e-02,2.101354045296379217e-03,3.695748163293721689e-02,5.898439453295388490e-02,-1.463661640533620543e-02,-3.888595695080519082e-02,-3.077841189942135888e-02,-4.628863310606636666e-02,-4.431655223723889730e-02,-3.617958854970663302e-02,-3.328633418360235630e-02,7.140512885975715263e-02,4.080848669443969123e-02,3.643683777038797533e-02,9.124551343841229289e-02,7.473318229275385804e-02,8.596189456622459202e-02,8.486048883884141081e-02,6.798980553547974426e-02,9.752536543201718866e-02,9.771377360509500565e-02,9.042992859189838764e-03,-4.259145049937202907e-04,-1.924710665562668135e-02,-7.977524530482732121e-03,-2.784401901815318839e-02,-1.992243422684451815e-02,1.317860395290733691e-02,-8.802819078643180431e-03,7.731468837206315059e-02,-7.663782199998979243e-03,3.552415917383106025e-02,5.855297369889526926e-02,3.181058908875446234e-02,-2.502971174257503234e-02,-3.203032391621183500e-02,4.734378154883971818e-02,1.941406003399297545e-02,-1.007851157451653684e-02,-2.739653789097815616e-03,-2.494372668926838135e-02,-1.090550458792912195e-02,1.137821148291504221e-02,2.538952945565107339e-02,6.055579190787729882e-02,-5.242216851331597816e-02,-4.056701954517173692e-02,-3.859312223844270362e-02,-3.508994936307176238e-02,-2.411846481033683848e-03,-2.118293796032664350e-02,5.866940070659448780e-02,5.121794803678948044e-02,1.953787915747563775e-02,-3.881526730638148667e-03,1.722155368104781939e-02,-1.883593182924726481e-02,-3.410728124772764019e-02,-3.286227863922202425e-02,-4.909610897777286903e-02,-3.260685230478423818e-02,5.790636791726142679e-02,4.698415922165696118e-02
5.816256162400667423e-02,8.813573409400160541e-02,7.982058878897678456e-02,7.532923532225792307e-02,7.112643289734592311e-02,7.634800713880365852e-02,1.000000000000000000e+00,1.046813702408784102e-01,8.360866364496936931e-02,2.998160906042931367e-02,2.173031735971569026e-02,2.494481211688215783e-03,2.896388806671089909e-03,-1.463503338826887754e-02,-2.216937472506744656e-03,8.517093237127627836e-02,1.861470763181809554e-02,7.448146627639605499e-02,1.919740140006447049e-02,5.554470619178050739e-02,3.801240110430197106e-02,-1.361979565107464263e-02,-2.163864310495812113e-02,4.538327028564883431e-02,1.489747187412368903e-02,3.699778175934762773e-03,-2.980912239760223625e-02,-9.394108550464819532e-03,8.882991515255848208e-03,-3.034155973219129082e-02,1.247205403895589731e-02,2.407806574643157199e-02,5.015964734561483701e-02,6.410149322619450307e-02,-2.037161317767498259e-02,8.229588690779694737e-02,3.768102622240467221e-04,7.060683959769544979e-03,3.755478974855150365e-02,6.322479415735202113e-02,8.920195400849083300e-02,4.865205139753421559e-03,-2.282775103260688623e-02,-1.982407194703348155e-02,-1.829856650671757637e-02,-3.744068119273669809e-02,-1.858677795510637124e-02,-1.518451970878033006e-02,5.130353303823805694e-02,4.135401228078122021e-02,4.975799910440793089e-02,7.883774677400930131e-02,7.442801594907592910e-02,5.122936994111458586e-02,5.961753107412601227e-02,6.773344342904880078e-02,7.767190872353801900e-02,7.459970576412942866e-02,2.071388641996201041e-02,6.850449292013832160e-03,-6.556320452764533360e-03,-3.463191537818188868e-03,-3.139278509010767076e-02,-2.941422071091816595e-02,4.782760897605929304e-03,-1.214395782178752381e-02,7.629266877935715618e-02,-7.898307545297886950e-03,4.356034843535819961e-02,5.642853446665407197e-02,3.206999926616654895e-02,-2.327141615305433620e-02,-3.017125720154530816e-02,5.368980205456267557e-02,2.512762045553996321e-02,2.421661704004702490e-03,7.123789833422270379e-04,-2.321729986334676935e-02,-1.039894558711862991e-03,2.199753686652231380e-02,3.078394834068041638e-02,5.735998978996859760e-02,-4.073590518271858613e-02,-3.315486577334117446e-02,-3.263981343903502030e-02,-3.059735155450154370e-02,-1.854001777541613863e-03,-1.427912862926674839e-02,5.293650140382582386e-02,5.606804806509620154e-02,2.573595030104760054e-02,4.863051221064499351e-03,2.501910014520545428e-02,-9.390488573481724568e-03,-2.560397386510706794e-02,-2.499473999115768563e-02,-4.386567344577743666e-02,-2.889238657999975909e-02,5.215822735841710994e-02,3.995013768929058656e-02
4.785019792470433797e-02,1.161571820501803576e-01,1.039609570654939225e-01,1.123883645152503052e-01,1.142170964642253983e-01,1.080308795716719700e-01,1.046813702408784102e-01,1.000000000000000000e+00,1.401101332029302537e-01,6.497380004325527432e-03,2.541408565197839260e-03,-1.405322758253691601e-02,-1.379901293973093308e-02,-2.036300034677438267e-02,5.373018936313794965e-03,8.313654226348077270e-02,-3.971771154762626134e-03,8.539511657470832962e-02,2.490166672900012007e-03,6.732059140784592277e-02,4.616026757342506920e-02,-2.867918988740812344e-02,-2.970602074103748796e-02,2.337910718103155400e-02,1.176529828653065206e-02,-1.160545842283393185e-02,-5.035901759341757100e-02,-9.242916214802972610e-03,1.957294322894465380e-02,-3.253274103109539406e-02,-9.618074150854064377e-03,1.234514956625076820e-02,2.355669884044179693e-02,4.498304062902137856e-02,-4.374693103972003561e-02,1.150789151750223060e-01,9.226131023394569530e-03,-5.458946548803941638e-03,5.552439158603576612e-03,4.212057514925423435e-02,7.991662542344478426e-02,-2.034826774500847479e-02,-4.288938882602175151e-02,-3.215254694272713654e-02,-4.703554765964673701e-02,-4.762393840321416105e-02,-4.169268477968827297e-02,-3.474941202451186512e-02,7.696584859185164051e-02,5.331559071266110672e-02,4.295410158322392202e-02,1.102035817842789561e-01,8.929812405729377345e-02,1.012949336877673190e-01,1.163911723659957348e-01,8.610262546752560364e-02,1.460929337505359471e-01,1.468923786784423757e-01,2.059751524496025721e-02,7.357796079479752421e-03,-1.513265332013006420e-02,-1.092795860605508609e-02,-3.050356778805947411e-02,-2.742974496482571828e-02,1.629114318585948851e-02,-7.798181604352064436e-03,1.075201049268082187e-01,-9.346973674005736379e-03,4.551498091657645018e-02,8.676405535669375058e-02,5.300666640903450855e-02,-2.571186187607477427e-02,-3.020490392823588915e-02,6.140439932881611163e-02,2.043386311100198888e-02,-2.779619949436387683e-03,1.572585263308648104e-02,-1.923099366091709020e-02,-3.805955912327494989e-03,1.481624834595489902e-02,2.684608123655129325e-02,7.720073722993234244e-02,-5.306397002908828237e-02,-4.280258884244070999e-02,-4.184220801907726633e-02,-4.391597599526417262e-02,8.208913302125196362e-03,-1.492760032170641939e-02,8.483379937951439353e-02,6.701373072329402936e-02,2.237462869250692737e-02,9.015522174520569643e-03,2.112088910866126781e-02,-1.138208562204437620e-02,-3.124428351362733627e-02,-3.464691622549382483e-02,-5.106776872113895360e-02,-3.387227252193059784e-02,7.194546121826794760e-02,5.548938072254284287e-02
3.864700792473096946e-02,9.193424601615143854e-02,9.493508281614179700e-02,9.499312509631072099e-02,9.552735269598434942e-02,1.040742787126058694e-01,8.360866364496936931e-02,1.401101332029302537e-01,1.000000000000000000e+00,4.402968553717650883e-03,-2.889308820141235352e-04,-1.915270032858336011e-02,-8.702444115009328601e-03,-1.322716978562523196e-02,1.823980189200520487e-03,7.418463152466911459e-02,4.507119696695683318e-03,8.856959781161102829e-02,7.528631655677443801e-03,7.573079337409664713e-02,4.691269563305847795e-02,-2.931188761189661499e-02,-2.539195304734458841e-02,2.383166496832226158e-02,-1.650608207740103571e-04,-1.521268980859839630e-02,-4.699972985119575675e-02,-1.956078981928238703e-02,2.549468160642495707e-02,-2.715343322628058914e-02,-1.337756655415546156e-02,5.489110037205896520e-03,9.040916232559878876e-03,4.893078303046873023e-02,-4.391923208297137532e-02,1.222870801198436969e-01,1.334553255068070786e-02,-1.615339485243287229e-02,-2.100334835258529150e-03,3.877862282652421583e-02,6.534013109839295619e-02,-2.092884985390715616e-02,-4.509404499240169534e-02,-3.621000857520779298e-02,-4.834980406370282396e-02,-5.256957228285019657e-02,-4.014008334982292064e-02,-4.162438500366377053e-02,7.563961675936112239e-02,6.714125214942576192e-02,3.801645241218812310e-02,9.624036450247559771e-02,8.099234983264622101e-02,1.019464961379635687e-01,1.111601404973114743e-01,8.540744348567089195e-02,1.360132008374080881e-01,1.460099533137978189e-01,2.412045964537418846e-02,8.908100951245404020e-03,-1.108668470642118660e-02,-3.318640461079659350e-04,-2.300076673359730331e-02,-1.389761724212349413e-02,3.002209659142892825e-02,-1.468304130706968389e-03,9.535220230550772724e-02,-9.768901243486845676e-04,5.536709252322337405e-02,9.808036496205459198e-02,5.895910077539416594e-02,-2.710599308617099232e-02,-2.603634414690115043e-02,6.007283678092000673e-02,2.726095962070403458e-02,-7.313084628924978146e-03,1.773893403254817730e-02,-2.115961549138397485e-02,-7.281084189886148639e-03,8.621387358485450847e-03,3.689996670996475991e-02,8.809040502928731919e-02,-5.512262966462857378e-02,-4.672986718780330201e-02,-4.525556989552749487e-02,-3.326546635851165834e-02,1.368274601028033818e-02,-2.189935803344087925e-02,1.020262884138717630e-01,6.714036900180361811e-02,1.446912524550213359e-02,6.870930790411023011e-03,2.211444824253849459e-02,-1.668486040053576702e-02,-3.340602900129507197e-02,-3.649135402573448761e-02,-5.352843018754735449e-02,-3.459733762650583910e-02,6.783559868614764954e-02,7.113145883389297708e-02
2.851192327076003744e-02,-8.877901513272759906e-03,1.107457211908760737e-02,-3.108390916892948830e-02,-2.980273808981941108e-02,1.568679831447789431e-03,2.998160906042931367e-02,6.497380004325527432e-03,4.402968553717650883e-03,1.000000000000000000e+00,1.855104276482765283e-02,3.200534444877512624e-02,1.757499340168193827e-02,6.142051640785566903e-03,-7.982683650350656107e-03,3.268333855939445365e-02,2.880698594714182006e-02,2.459837758871223287e-02,3.179103777308071865e-02,1.639633256443275358e-02,1.258384984261819682e-02,9.242012270476537839e-03,-9.389830172448446199e-03,4.664016381660027188e-02,2.674938308782627214e-02,6.907599438049034056e-03,-2.207623271702800760e-02,-1.499947571157902483e-02,-3.495342284243000905e-03,-1.580531283487254454e-02,-5.793437564382093383e-03,1.798295807034578503e-02,4.425400860084885424e-02,4.651072873047568806e-02,-1.753481909641054284e-02,9.614913928629011466e-03,-1.176656912383998443e-02,3.656881461108214826e-02,5.715312502461356026e-02,4.521776121002700488e-02,4.831994034539378174e-02,-6.685086407987880265e-03,-1.690155721760697866e-02,-2.497209534725071747e-02,-3.304500115974175894e-02,-3.628250998410878503e-02,-1.166076924854748606e-02,-1.639096844039945530e-02,1.001683713970453853e-02,1.643292007945540770e-02,1.596849216553108269e-02,-1.189060807152253312e-02,-1.060850241308091378e-02,-3.819819414702501498e-02,-1.581565159762104988e-02,-2.720871112094804065e-03,-1.238111937180673937e-02,-4.378876050818283037e-03,3.220395890989647542e-02,2.091795977098557732e-02,2.573519929791862754e-02,6.946723107991163021e-03,-1.293364958286092985e-02,-1.432952968406706919e-02,-4.683307666635140587e-03,-1.453581088056740342e-02,-1.091560649926371501e-03,3.396820385057747454e-03,1.409499294774035037e-02,3.621841062239697980e-03,6.758374067030076954e-03,-1.795182703706824437e-02,-2.573221007045062292e-02,1.017611941266127057e-02,1.102608288216605330e-02,-3.805036998863318368e-03,-8.523746091823020121e-03,-1.761369414999613275e-02,-1.667274063736230022e-02,3.772218981776467341e-03,7.113541878621815195e-03,1.025382872489362558e-02,-4.704976823475237602e-02,-3.413826456875779930e-02,-3.957533831147930226e-02,-2.402823010181220562e-02,-1.381975740090300199e-02,-1.906484207508456208e-02,9.879347919521374102e-03,9.032726879577478163e-03,8.076172183383804187e-03,5.197825467699594866e-03,3.067500249805183918e-02,-2.116520082304997399e-02,-2.483778112546308411e-02,-3.125524788712196606e-02,-4.577713456497794348e-02,-3.041850213368400141e-02,7.249384527682383242e-04,9.209013296741067750e-03
1.364547815594437802e-02,-1.529030013874612716e-02,4.495783983988851061e-03,-3.364204519739135563e-02,-3.516141146514992905e-02,-1.474050225788221639e-03,2.173031735971569026e-02,2.541408565197839260e-03,-2.889308820141235352e-04,1.855104276482765283e-02,1.000000000000000000e+00,3.172472365239688979e-02,1.658611438952826284e-02,1.670236733792590522e-02,1.759981203967017410e-04,1.806345629297292227e-02,2.525880508318781303e-02,2.059343797327927578e-02,3.540232492892148031e-02,2.319668861752585340e-02,2.224014641469805598e-02,9.050735340689789604e-03,-3.789901808465360664e-03,3.264708336699671809e-02,2.950306320275079483e-02,1.252458625789584605e-02,-2.442974739637886888e-02,-1.366403240826403152e-02,7.394886196310235249e-03,-9.196874928864508594e-03,-7.373046189818234335e-03,2.003212758251894307e-02,2.114133459922264840e-02,4.222383370889146170e-02,-2.356344122752227280e-02,7.895794923272336438e-03,-4.396000041378565239e-03,3.215804353078470512e-02,2.456927937013518581e-02,2.611448839155065815e-02,3.764370171141433186e-02,-6.076874103064584982e-03,-1.734725397886600212e-02,-2.692664071002377410e-02,-3.322982265757139925e-02,-3.497840869626441668e-02,-8.905466907242334113e-03,-1.364514981824037874e-02,8.106961851492480026e-03,1.790463721363408020e-02,6.646415873332945159e-03,-2.292550444395165254e-02,-1.547870455597654023e-02,-3.957985463117432573e-02,-2.143610594564143365e-02,-1.568606310613928842e-02,-2.045990044399591604e-02,-1.104206021064486030e-02,1.644954336749696044e-02,1.249070751704107855e-02,1.449628419540208678e-02,6.051917813316633633e-04,-7.472197511674672984e-03,-9.589449031633487386e-03,2.150242573870828153e-03,-7.488333764967443351e-03,-1.046595238742072283e-02,1.776982658894297063e-03,1.189518037793185941e-02,2.245011009887834790e-03,1.403199645080577956e-02,-1.821766115459651572e-02,-2.259450485615882576e-02,-3.797307081806472603e-04,8.372110747260326849e-03,-7.007164399142415054e-03,-3.713354599971382345e-04,-1.345859150886285528e-02,-1.719300679143244762e-02,-1.791474525077495304e-03,2.828359252390822559e-03,1.635596525064788968e-03,-4.985538360026005311e-02,-3.814781311397953678e-02,-3.946399595784685910e-02,-2.581815125168315100e-02,-6.525703358235307623e-03,-2.028851996746245528e-02,1.556102124062845420e-02,4.100446448861119059e-03,3.285581781755343277e-03,-6.775929872717859764e-03,1.308504624179128092e-02,-2.993608358155371019e-02,-2.769333456390047840e-02,-3.105557083451368147e-02,-4.681948319055691948e-02,-2.573294329965122168e-02,-4.952651682998687743e-03,1.367672311021380337e-02
1.209749323362411047e-02,-3.364890827723459460e-02,-1.286687241095684463e-02,-5.295200073955618619e-02,-5.020601267163634501e-02,-2.130133234232544498e-02,2.494481211688215783e-03,-1.405322758253691601e-02,-1.915270032858336011e-02,3.200534444877512624e-02,3.172472365239688979e-02,1.000000000000000000e+00,2.070856914926880524e-02,7.486525671424216523e-03,-8.037034521490196703e-03,5.345950745299354705e-03,2.830457944670589435e-02,9.677001718277974604e-03,2.802252940486630109e-02,5.222339278834121044e-03,5.893506996443084907e-03,3.306457573314435915e-03,-1.048311028442443747e-02,3.502212754911566278e-02,1.319985386337930479e-02,3.889137142860610470e-03,-2.573315190693905435e-02,-1.888687901562526722e-02,-4.698397108865041104e-03,-1.451515077725467479e-02,-6.797404561766547289e-03,9.098847990747314235e-03,2.757009036642812244e-02,3.565840165922223859e-02,-1.636766480871316293e-02,-3.480953463086045377e-03,-1.333539927042396399e-02,2.002741942317614113e-02,4.448339458821506248e-02,2.626441433050695842e-02,2.711010360757274557e-02,-2.951692793770198560e-03,-1.773544418743148304e-02,-2.591897957865561125e-02,-3.226559085987616010e-02,-3.958386701283882203e-02,-1.323893218235530113e-02,-1.692354042115105928e-02,-6.634756575230540618e-03,5.629105159553136027e-03,-5.514500105691244256e-03,-3.155580443343426050e-02,-3.074699113149009094e-02,-5.844931939035982044e-02,-3.637341190290595966e-02,-2.544985801018491769e-02,-3.818636339926791134e-02,-2.366686764533183773e-02,1.207140915726307231e-02,5.449633027087567166e-03,1.676069069849822277e-02,-2.216452689298821846e-03,-1.361451856384205371e-02,-1.400713040820207242e-02,-5.639481675916021078e-03,-1.533071131135279631e-02,-2.401973864472024822e-02,-1.600234755911694208e-03,4.235776447845158652e-03,-1.399724327458939759e-02,-2.396618940905104796e-03,-2.605346413939710684e-02,-2.412596318272274692e-02,-1.231641528680988730e-02,-1.192634114768736323e-03,-1.653915763727372909e-02,-8.760036059900984037e-03,-2.032023611530492033e-02,-1.867559795212945725e-02,-9.734550499140180377e-03,-1.223752887352365544e-02,-9.530769823457203166e-03,-5.079321968598554671e-02,-4.283138819149962667e-02,-4.240445105263595388e-02,-3.097922173004655916e-02,-1.412609312400074126e-02,-2.654557422054403329e-02,-2.296632790733081284e-03,-1.191700519462625396e-02,-4.914722017096706703e-03,-7.402261731375966124e-03,9.148360684522788625e-03,-3.036016134623206741e-02,-3.252654425170567465e-02,-3.254323860684821268e-02,-4.956735284037974698e-02,-3.245920738827300089e-02,-1.600318975955307768e-02,-9.462763252667176581e-04
2.418554740600135314e-03,-3.194964335921416515e-02,-3.745849238183002281e-03,-5.147912803953895444e-02,-4.985507284266157274e-02,-8.925276963944624858e-03,2.896388806671089909e-03,-1.379901293973093308e-02,-8.702444115009328601e-03,1.757499340168193827e-02,1.658611438952826284e-02,2.070856914926880524e-02,1.000000000000000000e+00,5.116492611521119421e-02,2.254995220134053610e-02,6.161145642776364936e-03,3.923982247904543585e-02,4.175132498955894805e-02,6.347738946647137059e-02,2.619942192244777146e-02,3.632899994041449004e-02,2.046983254169073771e-02,1.566937082566655787e-02,3.922470278706353258e-02,-8.542590907039009085e-03,-7.465490814766054944e-03,-2.208944096470518911e-02,-1.565863612331885868e-02,1.450360570114030134e-02,9.437397344288358386e-03,-1.898444041647971703e-02,-1.365409524034042442e-02,4.494364243964344210e-03,4.823629176509218464e-02,-1.704562802539886374e-02,1.624347698633975615e-02,3.867995247322920222e-04,-5.501922951013824351e-03,1.698435694587515851e-02,9.948713644447947785e-03,3.309568702181991950e-02,-1.527115735322752410e-02,-1.874055008842813799e-02,-2.995656371719974606e-02,-4.052638172740397754e-02,-3.479649244498322219e-02,5.652237492770766092e-03,-1.048000459733100347e-02,3.226226695228021860e-03,1.549152930691442137e-02,-3.361417721181879197e-03,-2.763398458354913989e-02,-1.762131492503717436e-02,-5.728757267150709487e-02,-3.145171767725914863e-02,-1.202948327067798924e-02,-3.453706744960943764e-02,-1.469266400514988510e-02,9.298704937436385112e-03,8.931301027160030298e-03,5.183341777614911862e-03,3.587727510711914702e-02,9.335308387485927520e-03,1.417791018239596308e-02,2.604222705476342756e-02,1.799980984962499045e-02,-7.758292853214494682e-03,1.898052971643850867e-02,2.918782301725749567e-02,7.689178304385414948e-03,1.484563256103567548e-02,-4.481459176978022435e-04,-6.217689540768019975e-03,3.181335311543749544e-03,3.043506802433270514e-02,-1.643819196224487189e-02,1.159242584306014769e-02,-4.887662801637603603e-03,-2.213180003064450785e-02,-1.438562692791844726e-02,1.893801410035595573e-02,6.529507689447787422e-03,-5.205009505533743364e-02,-3.829598718621696901e-02,-3.761772953163976946e-02,-1.511358275271485786e-02,1.748213175805188476e-04,-2.259986716183179020e-02,1.021700492200473820e-02,3.205339965218177169e-04,-4.699753767315910553e-03,-1.587558880478416243e-02,5.231379686999807280e-03,-2.601994069111382424e-02,-2.569124887377761957e-02,-3.768605927587845988e-02,-4.469224624756631264e-02,-1.893955178307484000e-02,-4.615898851432618209e-03,8.909407178036416602e-03
-9.323708701744671049e-03,-4.555533464576717873e-02,-1.506253644295985940e-02,-6.154769576341293652e-02,-5.748882933438512199e-02,-1.525212916658372220e-02,-1.463503338826887754e-02,-2.036300034677438267e-02,-1.322716978562523196e-02,6.142051640785566903e-03,1.670236733792590522e-02,7.486525671424216523e-03,5.116492611521119421e-02,1.000000000000000000e+00,6.666957246292384842e-02,-1.189182794462556765e-02,7.333962330327101209e-02,4.199421227098096981e-02,8.362109398421933848e-02,3.939002059237880354e-02,7.346703074552443646e-02,1.593984377388842077e-02,3.319052135480071719e-02,4.339752998116400834e-02,-2.195906690994173585e-02,-1.912351349601454018e-02,-3.752524187931723793e-02,-1.371134719070464351e-02,5.350669499906920284e-02,2.149636508586218187e-02,-2.756035153741849889e-02,-2.988372078753951874e-02,-1.908556971343480443e-02,5.083857143303174148e-02,-3.065712165542951520e-02,1.648946097498278293e-02,2.522422776484785703e-02,-3.104005406882638651e-02,-6.729523553278862237e-03,-2.237375194652987086e-03,1.940765777795410568e-02,-2.620432114263361936e-02,-4.025499956709582827e-02,-3.329585816885107658e-02,-5.121680882029747833e-02,-4.031339810143443753e-02,2.146642621679190760e-02,-3.896914506565538668e-03,-7.612902833838481285e-03,1.882072138086205576e-02,-1.617125930025854752e-02,-3.987329315623738130e-02,-3.148716079654954175e-02,-6.387820203917546347e-02,-4.050668030903512712e-02,-2.065924110566452060e-02,-3.935062258869054946e-02,-1.973798785038754708e-02,-6.512957550136295017e-04,1.345467942954987894e-02,-6.056738821256885293e-03,2.428105453520762458e-02,5.760615577394896658e-02,7.858053894660471661e-02,5.576720718419645589e-02,4.290502171302571638e-02,-2.179661132419736039e-02,5.955276338500071348e-02,3.015568601081885028e-02,1.803228366074189487e-02,3.964784807020540341e-02,9.404533788426750612e-03,2.842731879716297108e-02,-5.620867788087470160e-03,2.395585874054078843e-02,-2.458513440480157575e-02,3.828205239066862636e-02,1.385835862825498394e-02,-2.758659399821068378e-02,-3.193810759248484621e-02,2.198503812377262598e-02,3.894682388563655649e-03,-6.062756755620314630e-02,-4.094548514860040650e-02,-4.069407828560168972e-02,-1.271042903059744697e-02,2.586384839816546419e-02,-2.396310598696778371e-02,2.047664641228865226e-02,2.091795010822584174e-03,-2.239233343634437420e-02,-3.332998374482813025e-02,-1.128425809591485605e-02,-3.764088043239676579e-02,-3.632754022357000817e-02,-3.949175322796791288e-02,-4.546552941624866506e-02,-2.044391206373722195e-02,-1.351269104091830202e-02,1.345105241652058692e-02
-1.288123203800596236e-02,-2.223104056041112081e-02,-4.270943182783248741e-03,-3.386345898341552169e-02,-2.554850319758654106e-02,-1.775145346167425996e-03,-2.216937472506744656e-03,5.373018936313794965e-03,1.823980189200520487e-03,-7.982683650350656107e-03,1.759981203967017410e-04,-8.037034521490196703e-03,2.254995220134053610e-02,6.666957246292384842e-02,1.000000000000000000e+00,-3.140561910841244055e-03,3.426804767653538614e-02,4.687376786835063813e-02,5.802995468481612906e-02,5.529888229480377920e-02,6.861256034159562978e-02,-2.339930101111675504e-03,2.682909477381668212e-02,2.328985295115715976e-02,-2.023681914681932370e-02,-1.638917747142032422e-02,-3.992438707343785864e-02,-1.143862937773522555e-02,5.735047668489463846e-02,2.769408344907471967e-02,-2.590567071287337361e-02,-2.397924629789470463e-02,-2.783570607834584196e-02,4.734472629567725716e-02,-3.116580742014969652e-02,2.565683150258975601e-02,2.337477092584926835e-02,-3.262934701248050573e-02,-2.074068882672012309e-02,-1.450858922812031616e-03,1.416735603089393052e-02,-2.496736174109684056e-02,-4.164859263063087208e-02,-3.444674225037586829e-02,-5.312591286761655929e-02,-3.991814382393916311e-02,-3.534469116621510886e-04,-1.840218178207931807e-02,-4.793639037680498300e-04,4.436430331418709377e-02,-7.411790735636078660e-03,-9.116890395116004908e-03,-8.550320171982863857e-03,-2.824511687998922452e-02,-8.981173181772088981e-03,3.603248068955493093e-03,-3.053642220340032753e-03,6.129027536465583327e-03,1.366902612391309021e-03,8.345263807905409573e-03,-2.033720775019517459e-03,2.537450177627434064e-02,3.247179286255259811e-02,5.152699107879769175e-02,5.971139949862322438e-02,5.458383243003890606e-02,2.577798394946455816e-03,3.119898184248559581e-02,3.881445127623594366e-02,3.808787033153536450e-02,5.644135264787125683e-02,5.277379711448795287e-03,2.434335852133560213e-02,6.081092645171785535e-03,1.957003326836125739e-02,-1.297286454788104323e-02,5.066040295745566358e-02,1.504432700764205162e-02,-2.002552386732312992e-02,-1.874529019916983119e-02,2.239423636540243887e-02,2.253127578192699182e-02,-5.981967241268567465e-02,-3.767522279237081606e-02,-3.520821964615518385e-02,-1.284045837622381850e-02,2.653705908279353418e-02,-1.983638064753042926e-02,4.252576003812710836e-02,1.101386708272621140e-02,-1.470059680542097624e-02,-2.144703636143038827e-02,-4.730839980072797796e-03,-2.723104437826222649e-02,-3.285863753722049335e-02,-3.582131467542097603e-02,-4.191164603910454978e-02,-1.467991111836682884e-02,3.176981781519594428e-03,3.636301511423268434e-02
